23
V_caesiotincta_AMB19319_nan_AMB19319      0.0000000 0.2521793 0.3253470 0.5724029 0.3305737 0.3921251 0.3343223 0.3244340 0.3440152 0.7846770 0.3354315 0.3191797 0.7559205 0.3196537 1.1702345 0.3456954 0.3285272 1.0764681 0.3219246 0.7756278 0.3792963 0.3902393 0.2443404 
V__morozovae_LE313322_Vietnam             0.2521793 0.0000000 0.0023921 0.4272435 0.1260021 0.1777354 0.1777354 0.0146894 0.0074504 0.4579316 0.0250751 0.0037505 0.5385534 0.0171775 0.7091826 0.0047826 0.0172048 0.7091826 0.0147283 0.4828643 0.1747743 0.1711845 0.0127433 
V__morozovae_LE313323_TYPE_Vietnam        0.3253470 0.0023921 0.0000000 0.4501115 0.1728673 0.1988734 0.2002875 0.0403324 0.0053047 0.5702179 0.0485365 0.0023257 0.6338994 0.0404749 0.9532314 0.0034163 0.0422924 0.9559613 0.0404115 0.5808843 0.1992729 0.1947677 0.0126105 
V__niveosulcata_LE313229_TYPE_Vietnam     0.5724029 0.4272435 0.4501115 0.0000000 0.4890846 0.5152918 0.5152918 0.4626357 0.4457608 0.5715784 0.4989983 0.2868758 0.4991168 0.4669615 0.9606920 0.4457608 0.4704107 0.9606920 0.4626357 0.5759253 0.5139783 0.5206950 0.4408841 
V__ptilotricha_LE313324_TYPE_Vietnam      0.3305737 0.1260021 0.1728673 0.4890846 0.0000000 0.1693639 0.1712699 0.1687627 0.1701366 0.5317464 0.1856044 0.1606577 0.5621378 0.1742010 0.7088363 0.1738087 0.1719715 0.7069155 0.1691923 0.5309568 0.1664506 0.1637126 0.1109062 
V__pilosa_HKAS133857_China_Yunann         0.3921251 0.1777354 0.1988734 0.5152918 0.1693639 0.0000000 0.0000010 0.1965749 0.2059444 0.5597381 0.2107294 0.1624516 0.6047756 0.1930412 0.8275569 0.1999716 0.1995675 0.8265585 0.1970214 0.5612823 0.0273742 0.0184691 0.1438259 
V__pilosa_HKAS133858_TYPE_China_Yunnan    0.3343223 0.1777354 0.2002875 0.5152918 0.1712699 0.0000010 0.0000000 0.1965713 0.2094005 0.5614642 0.2108505 0.1632901 0.6032315 0.1923405 0.8379725 0.2024243 0.1997099 0.8265585 0.1970396 0.5630205 0.0282887 0.0192774 0.1438259 
V__rimosa_HKAS133859_China_Yunnan         0.3244340 0.0146894 0.0403324 0.4626357 0.1687627 0.1965749 0.1965713 0.0000000 0.0484810 0.5663180 0.0067744 0.0586561 0.6330236 0.0067983 0.9936074 0.0469712 0.0016571 0.9986924 0.0000010 0.5706907 0.1956160 0.1820270 0.0000010 
V__morozovae_HKAS133866_China_Yunnan      0.3440152 0.0074504 0.0053047 0.4457608 0.1701366 0.2059444 0.2094005 0.0484810 0.0000000 0.5532628 0.0575162 0.0069564 0.6163954 0.0491825 0.9512172 0.0034551 0.0504995 0.9672516 0.0485774 0.5524720 0.2037257 0.1945230 0.0185288 
V__bombycina_HKAS31463_Costa_Rica         0.7846770 0.4579316 0.5702179 0.5715784 0.5317464 0.5597381 0.5614642 0.5663180 0.5532628 0.0000000 0.6024131 0.4722062 0.1101325 0.5647332 1.0736439 0.5562252 0.5724822 1.0479409 0.5680782 0.0015604 0.5736635 0.5425063 0.4213694 
V__rimosa_HKAS107617_China_Yunnan         0.3354315 0.0250751 0.0485365 0.4989983 0.1856044 0.2107294 0.2108505 0.0067744 0.0575162 0.6024131 0.0000000 0.0706070 0.6630389 0.0138277 1.0422063 0.0535391 0.0050672 1.0554734 0.0067744 0.6058744 0.2098461 0.1971575 0.0099352 
V__morozovae_HKAS125659_China_Yunnan      0.3191797 0.0037505 0.0023257 0.2868758 0.1606577 0.1624516 0.1632901 0.0586561 0.0069564 0.4722062 0.0706070 0.0000000 0.4869568 0.0589441 0.7935564 0.0069564 0.0614605 0.7956091 0.0588149 0.4714970 0.1555624 0.1561577 0.0206906 
V__volvacea_HKAS126966_China_Sichuan      0.7559205 0.5385534 0.6338994 0.4991168 0.5621378 0.6047756 0.6032315 0.6330236 0.6163954 0.1101325 0.6630389 0.4869568 0.0000000 0.6179749 1.0913524 0.6293201 0.6396224 1.0698242 0.6350261 0.1025305 0.6284099 0.6115028 0.5057907 
V__rimosa_HKAS127259_China_Yunnan         0.3196537 0.0171775 0.0404749 0.4669615 0.1742010 0.1930412 0.1923405 0.0067983 0.0491825 0.5647332 0.0138277 0.0589441 0.6179749 0.0000000 0.9572215 0.0455634 0.0085213 0.9644076 0.0068108 0.5692118 0.1928546 0.1811349 0.0024499 
Vp__gloiocephalus_HKAS127781_China_Yunnan 1.1702345 0.7091826 0.9532314 0.9606920 0.7088363 0.8275569 0.8379725 0.9936074 0.9512172 1.0736439 1.0422063 0.7935564 1.0913524 0.9572215 0.0000000 0.9624694 1.0039363 0.0000010 0.9929377 1.0760779 0.8547769 0.8347959 0.6015437 
V__morozovae_HKAS128215_China_Yunnan      0.3456954 0.0047826 0.0034163 0.4457608 0.1738087 0.1999716 0.2024243 0.0469712 0.0034551 0.5562252 0.0535391 0.0069564 0.6293201 0.0455634 0.9624694 0.0000000 0.0489214 0.9833876 0.0470617 0.5668748 0.1977689 0.1920395 0.0150866 
V__rimosa_HKAS127812_China_Yunnan         0.3285272 0.0172048 0.0422924 0.4704107 0.1719715 0.1995675 0.1997099 0.0016571 0.0504995 0.5724822 0.0050672 0.0614605 0.6396224 0.0085213 1.0039363 0.0489214 0.0000000 1.0097228 0.0016601 0.5766956 0.1986256 0.1848855 0.0024415 
Vp__gloiocephalus_HKAS133862_China_Shanxi 1.0764681 0.7091826 0.9559613 0.9606920 0.7069155 0.8265585 0.8265585 0.9986924 0.9672516 1.0479409 1.0554734 0.7956091 1.0698242 0.9644076 0.0000010 0.9833876 1.0097228 0.0000000 0.9979748 1.0609392 0.8338970 0.8409456 0.6015437 
V__rimosa_HKAS113015_TYPE_China_Yunnan    0.3219246 0.0147283 0.0404115 0.4626357 0.1691923 0.1970214 0.1970396 0.0000010 0.0485774 0.5680782 0.0067744 0.0588149 0.6350261 0.0068108 0.9929377 0.0470617 0.0016601 0.9979748 0.0000000 0.5724128 0.1960635 0.1824311 0.0000010 
V__bombycina_HKAS57909_China_Xizang       0.7756278 0.4828643 0.5808843 0.5759253 0.5309568 0.5612823 0.5630205 0.5706907 0.5524720 0.0015604 0.6058744 0.4714970 0.1025305 0.5692118 1.0760779 0.5668748 0.5766956 1.0609392 0.5724128 0.0000000 0.5747841 0.5445412 0.4391221 
V__parvirimosa_HKAS83879_TYPE_ChinaYunnan 0.3792963 0.1747743 0.1992729 0.5139783 0.1664506 0.0273742 0.0282887 0.1956160 0.2037257 0.5736635 0.2098461 0.1555624 0.6284099 0.1928546 0.8547769 0.1977689 0.1986256 0.8338970 0.1960635 0.5747841 0.0000000 0.0116990 0.1440598 
V__parvirimosa_HKAS101368_ChinaYunnan     0.3902393 0.1711845 0.1947677 0.5206950 0.1637126 0.0184691 0.0192774 0.1820270 0.1945230 0.5425063 0.1971575 0.1561577 0.6115028 0.1811349 0.8347959 0.1920395 0.1848855 0.8409456 0.1824311 0.5445412 0.0116990 0.0000000 0.1370537 
V__rimosa_HKAS133860_China_Yunnan         0.2443404 0.0127433 0.0126105 0.4408841 0.1109062 0.1438259 0.1438259 0.0000010 0.0185288 0.4213694 0.0099352 0.0206906 0.5057907 0.0024499 0.6015437 0.0150866 0.0024415 0.6015437 0.0000010 0.4391221 0.1440598 0.1370537 0.0000000 
