22
V__morozovae_LE313322_Vietnam             0.0000000 0.0023787 0.5262617 0.2519086 0.4901541 0.3192424 0.2379540 0.0781800 0.0779079 0.0023128 0.4695003 0.0779079 0.0023128 0.4359690 0.0723230 0.8569845 0.0023128 0.0779079 0.0779079 0.8561362 0.4577365 0.2283309 
V__morozovae_LE313323_TYPE_Vietnam        0.0023787 0.0000000 0.5187765 0.2611549 0.4963168 0.3149087 0.2443981 0.0806967 0.0804072 0.0023751 0.4841124 0.0804072 0.0023751 0.4456560 0.0746469 0.7780243 0.0023751 0.0804072 0.0804072 0.7787985 0.4717668 0.2279776 
V__guttulosa_LE313326_TYPE_Vietnam        0.5262617 0.5187765 0.0000000 0.5969858 0.3758916 0.4486599 0.4367865 0.4085380 0.4166431 0.4090368 0.4642063 0.4108592 0.4056999 0.4872187 0.4142211 0.7800107 0.4748070 0.4108592 0.4108592 0.8162593 0.5828471 0.4312382 
V__ptilotricha_LE313324_TYPE_Vietnam      0.2519086 0.2611549 0.5969858 0.0000000 0.5432415 0.3371366 0.2121236 0.2536659 0.2525496 0.2519086 0.6434085 0.2525496 0.2519086 0.5363087 0.2305195 0.8565232 0.2519086 0.2525496 0.2525496 0.8496230 0.6342130 0.1897845 
V__niveosulcata_LE313229_TYPE_Vietnam     0.4901541 0.4963168 0.3758916 0.5432415 0.0000000 0.3137244 0.4072041 0.3019675 0.3042412 0.3835428 0.3939412 0.3068943 0.3814677 0.3693843 0.3084180 0.7442231 0.4287567 0.3068943 0.3068943 0.7515314 0.4630656 0.3926228 
V_caesiotincta_AMB19319_nan_AMB19319      0.3192424 0.3149087 0.4486599 0.3371366 0.3137244 0.0000000 0.2404717 0.2589934 0.2617484 0.2566222 0.3872182 0.2653696 0.2566222 0.3988137 0.2601883 0.6725102 0.2943204 0.2653696 0.2653696 0.7104599 0.4351543 0.2262530 
V__pilosa_HKAS133858_TYPE_China_Yunnan    0.2379540 0.2443981 0.4367865 0.2121236 0.4072041 0.2404717 0.0000000 0.2283353 0.2307991 0.2467998 0.4745647 0.2339446 0.2467998 0.4343777 0.2292493 0.8665827 0.2467998 0.2339446 0.2339446 0.9001094 0.4520322 0.0475496 
V__rimosa_HKAS133859_China_Yunnan         0.0781800 0.0806967 0.4085380 0.2536659 0.3019675 0.2589934 0.2283353 0.0000000 0.0035316 0.0628305 0.3205260 0.0000024 0.0598696 0.3178707 0.0017523 0.7969911 0.0817661 0.0000024 0.0000024 0.7993517 0.3801055 0.2044775 
V__rimosa_HKAS133860_China_Yunnan         0.0779079 0.0804072 0.4166431 0.2525496 0.3042412 0.2617484 0.2307991 0.0035316 0.0000000 0.0632024 0.3337495 0.0017566 0.0652785 0.3202231 0.0035563 0.7937430 0.0890052 0.0017566 0.0017566 0.7961345 0.3788549 0.2069624 
V__morozovae_HKAS133866_China_Yunnan      0.0023128 0.0023751 0.4090368 0.2519086 0.3835428 0.2566222 0.2467998 0.0628305 0.0632024 0.0000000 0.3572560 0.0626684 0.0017380 0.3306156 0.0586827 0.7817989 0.0112352 0.0626684 0.0602813 0.7842584 0.4274658 0.2318727 
V__bombycina_HKAS31463_Costa_Rica         0.4695003 0.4841124 0.4642063 0.6434085 0.3939412 0.3872182 0.4745647 0.3205260 0.3337495 0.3572560 0.0000000 0.3336097 0.3567085 0.1998115 0.3221162 0.6974741 0.4034642 0.3196193 0.3121686 0.7004938 0.0264000 0.4528351 
V__rimosa_HKAS107617_China_Yunnan         0.0779079 0.0804072 0.4108592 0.2525496 0.3068943 0.2653696 0.2339446 0.0000024 0.0017566 0.0626684 0.3336097 0.0000000 0.0598021 0.3301910 0.0052794 0.7937430 0.0788170 0.0000010 0.0000010 0.7961345 0.3788549 0.2100650 
V__morozovae_HKAS125659_China_Yunnan      0.0023128 0.0023751 0.4056999 0.2519086 0.3814677 0.2566222 0.2467998 0.0598696 0.0652785 0.0017380 0.3567085 0.0598021 0.0000000 0.3409176 0.0579231 0.7817989 0.0131169 0.0598021 0.0599550 0.7842584 0.4274658 0.2318727 
V__volvacea_HKAS126966_China_Sichuan      0.4359690 0.4456560 0.4872187 0.5363087 0.3693843 0.3988137 0.4343777 0.3178707 0.3202231 0.3306156 0.1998115 0.3301910 0.3409176 0.0000000 0.3303263 0.6431286 0.3952932 0.3193599 0.3149129 0.6285268 0.2201757 0.4217396 
V__rimosa_HKAS127259_China_Yunnan         0.0723230 0.0746469 0.4142211 0.2305195 0.3084180 0.2601883 0.2292493 0.0017523 0.0035563 0.0586827 0.3221162 0.0052794 0.0579231 0.3303263 0.0000000 0.7807413 0.0799695 0.0035188 0.0000027 0.7833027 0.3820801 0.2052885 
Vp__gloiocephalus_HKAS127781_China_Yunnan 0.8569845 0.7780243 0.7800107 0.8565232 0.7442231 0.6725102 0.8665827 0.7969911 0.7937430 0.7817989 0.6974741 0.7937430 0.7817989 0.6431286 0.7807413 0.0000000 0.7817989 0.7937430 0.7937430 0.0056357 0.6689179 0.8578479 
V__morozovae_HKAS128215_China_Yunnan      0.0023128 0.0023751 0.4748070 0.2519086 0.4287567 0.2943204 0.2467998 0.0817661 0.0890052 0.0112352 0.4034642 0.0788170 0.0131169 0.3952932 0.0799695 0.7817989 0.0000000 0.0788170 0.0788170 0.7983621 0.4274658 0.2318727 
V__rimosa_HKAS127812_China_Yunnan         0.0779079 0.0804072 0.4108592 0.2525496 0.3068943 0.2653696 0.2339446 0.0000024 0.0017566 0.0626684 0.3196193 0.0000010 0.0598021 0.3193599 0.0035188 0.7937430 0.0788170 0.0000000 0.0000010 0.7961345 0.3788549 0.2100650 
V__rimosa_HKAS113015_TYPE_China_Yunnan    0.0779079 0.0804072 0.4108592 0.2525496 0.3068943 0.2653696 0.2339446 0.0000024 0.0017566 0.0602813 0.3121686 0.0000010 0.0599550 0.3149129 0.0000027 0.7937430 0.0788170 0.0000010 0.0000000 0.7961345 0.3788549 0.2100650 
Vp__gloiocephalus_HKAS133862_China_Shanxi 0.8561362 0.7787985 0.8162593 0.8496230 0.7515314 0.7104599 0.9001094 0.7993517 0.7961345 0.7842584 0.7004938 0.7961345 0.7842584 0.6285268 0.7833027 0.0056357 0.7983621 0.7961345 0.7961345 0.0000000 0.7084454 0.8675316 
V__bombycina_HKAS57909_China_Xizang       0.4577365 0.4717668 0.5828471 0.6342130 0.4630656 0.4351543 0.4520322 0.3801055 0.3788549 0.4274658 0.0264000 0.3788549 0.4274658 0.2201757 0.3820801 0.6689179 0.4274658 0.3788549 0.3788549 0.7084454 0.0000000 0.4289960 
V__parvirimosa_HKAS83879_TYPE_ChinaYunnan 0.2283309 0.2279776 0.4312382 0.1897845 0.3926228 0.2262530 0.0475496 0.2044775 0.2069624 0.2318727 0.4528351 0.2100650 0.2318727 0.4217396 0.2052885 0.8578479 0.2318727 0.2100650 0.2100650 0.8675316 0.4289960 0.0000000 
