131
V_variicystidiosa_LAH37570                                       0.0000000 0.0000021 0.3279038 1.0380416 0.3118191 0.3074886 0.1664119 0.2704077 0.2678854 0.2695170 0.4585903 0.2591163 0.2647087 0.2710202 0.7112983 0.6395719 0.3049259 0.6065118 0.2858403 0.3070244 0.3191468 0.3182937 0.3152735 0.3691809 0.3152883 0.4681281 0.5525299 0.2237906 0.5700942 0.2889554 0.2938818 0.2891639 0.4512319 0.3680926 0.3718095 0.1418897 0.2604482 0.4996465 0.5974110 0.5612432 0.5771792 0.2252362 0.5518253 0.3204731 0.5700942 0.4077460 0.4074602 0.5110156 0.6032134 0.6439335 0.2862890 0.3455012 0.3455012 0.5720292 0.5909285 0.3522197 0.5513170 0.5630199 0.2554878 0.2779433 0.6961373 0.7096374 0.7001019 0.3022962 0.3169124 0.3532559 0.2526270 0.2728103 0.3687774 0.3132797 0.2518151 0.2787573 0.2787573 0.2404787 0.2186924 0.3037778 0.1515613 0.2817104 0.2126164 0.3104330 0.3104330 0.2947489 0.2266799 0.3267009 0.3267009 0.3059685 0.3064882 0.2855923 0.2821711 0.2126028 0.3377695 0.3257465 0.4256837 0.5940727 0.3000685 0.3165429 0.2479929 0.2431185 0.2447557 0.2761302 0.6151951 0.6848370 0.2582006 0.5875879 0.3199454 0.5705623 0.6803030 0.2644786 0.2480666 0.6590533 0.2427180 0.2615925 0.4916611 0.2453457 0.7094630 0.2587517 0.5537909 0.6065118 0.6782576 0.4265683 0.4259119 0.4209244 0.3680273 0.6818375 0.2907521 0.6803030 0.4197831 0.2816842 0.2100068 0.5652684 0.7014541 
V_variicystidiosa_LAH37568                                       0.0000021 0.0000000 0.3279038 1.0514599 0.3118191 0.3074886 0.1664119 0.2729263 0.2704077 0.2720026 0.4585903 0.2584435 0.2640085 0.2746202 0.7190279 0.6464365 0.3049259 0.6095423 0.2882305 0.3062465 0.3191468 0.3182937 0.3144604 0.3691809 0.3144818 0.4668811 0.5556661 0.2231824 0.5731284 0.2913474 0.2963177 0.2916079 0.4560925 0.3724288 0.3762348 0.1414506 0.2597994 0.4996465 0.6006982 0.5642056 0.5803008 0.2246256 0.5577229 0.3204731 0.5731284 0.4077460 0.4074602 0.5169627 0.6062311 0.6507761 0.2855142 0.3455012 0.3455012 0.5750720 0.5909285 0.3512533 0.5573860 0.5688688 0.2548754 0.2771728 0.7035905 0.7175720 0.7075098 0.3015245 0.3160642 0.3507416 0.2551445 0.2764740 0.3732567 0.3124380 0.2511949 0.2780601 0.2780601 0.2398762 0.2181837 0.3029503 0.1510262 0.2809422 0.2118216 0.3129259 0.3129259 0.2972116 0.2266799 0.3258189 0.3258189 0.3051810 0.3056978 0.2855923 0.2821711 0.2126028 0.3402149 0.3257465 0.4244236 0.5972184 0.3000685 0.3165429 0.2473599 0.2424960 0.2441683 0.2754251 0.6183288 0.6926510 0.2575625 0.5907376 0.3199454 0.5736351 0.6875973 0.2638229 0.2474698 0.6664015 0.2421285 0.2609509 0.4947704 0.2447557 0.7173438 0.2580998 0.5597863 0.6095423 0.6854419 0.4265683 0.4259119 0.4209244 0.3680273 0.6891865 0.2900116 0.6875973 0.4197831 0.2809799 0.2094920 0.5682964 0.7088703 
V_caesiotincta_Orton3805_United_Kingdom                          0.3279038 0.3279038 0.0000000 1.6776415 0.0000010 0.0000010 0.0000010 0.2170752 0.2093821 0.2355648 0.6543925 0.2054927 0.2071498 0.2946196 1.2210646 1.0565515 0.2241398 1.3648445 0.2853768 0.4733868 0.3632197 0.3632197 0.2285174 0.4745754 0.2181151 0.5828149 1.3942161 0.4411925 1.3942161 0.2753430 0.1751290 0.1764558 0.5309913 0.3014019 0.3172876 0.1803001 0.1817561 2.2434945 1.9604618 1.6222296 1.3942161 0.2004391 0.8090554 0.3632197 1.3942161 0.5451197 0.5451197 0.8180811 1.2756395 1.0565515 0.4071269 0.3777489 0.3777489 1.3942161 2.1978138 0.4461139 1.1889062 1.1670199 0.1917327 0.2384278 1.1997759 1.1945902 1.2467725 0.4953325 0.4454646 0.2836915 0.2853768 0.2946196 0.3014019 0.2181151 0.2279918 0.2422805 0.2422805 0.1901834 0.3400077 0.4071269 0.2211404 0.2211404 0.2669208 0.1937639 0.1937639 0.1836112 0.3202242 0.4656396 0.4656396 0.3956776 0.3842265 0.4010632 0.2155998 0.2061351 0.1761855 0.0335849 0.4089747 1.3648445 0.3202242 0.3938995 0.3852909 0.3852909 0.1803001 0.1803001 1.2711321 1.7356732 0.1904387 1.3942161 0.4158840 1.3942161 1.5421699 0.1803001 0.1904387 1.5421699 0.1803001 0.1803001 1.2711321 0.1803001 1.3327461 0.1963046 0.8180811 1.2711321 1.5421699 0.6543925 0.6732175 0.6732175 0.6732175 1.5421699 0.4022372 1.5743042 0.6694490 0.3766009 0.2229508 1.3574441 1.2880073 
V_volvacea_G00295827_France_G00295827                            1.0380416 1.0514599 1.6776415 0.0000000 6.7123243 1.4886698 2.0030688 0.9458319 0.9590487 0.8203609 1.6722827 0.8673882 0.9338226 0.9976845 1.5122097 1.1739843 0.9332937 0.1614655 1.0166989 0.9864094 1.2608758 1.1502249 1.0547862 1.3886233 1.0201326 1.0004428 0.0000010 1.0922326 0.0000010 1.0166989 1.0117110 1.0245537 1.1801972 0.8327485 0.8717475 0.9576681 0.8550277 2.7508065 0.2010774 0.1703219 0.0000010 2.0083533 1.1633163 1.1502249 0.0000010 1.5973391 1.3050503 1.1320969 0.1759672 1.1065745 0.8881176 1.1990733 1.1990733 0.0000010 0.2891716 1.3570403 2.1445586 1.4875796 0.7565984 1.2034869 1.2914804 1.5765353 1.4469918 1.0429702 0.9360270 0.8112361 1.0166989 0.9976845 0.8327485 1.2200070 0.9505326 1.2765852 1.2765852 0.7733829 0.9894900 0.9748874 0.8907758 0.8660431 1.4010844 1.0080004 1.0080004 1.0376569 1.2934021 0.9240328 0.9240328 1.0822406 0.9823697 1.4061780 1.0388046 1.1019077 1.1256204 1.4385320 1.4035503 0.1614655 1.1776244 1.0731836 0.9319689 0.9319689 0.8175792 1.0037095 0.1831641 1.8621225 0.8511724 0.0000010 8.9999987 0.0000010 1.3165927 0.8448740 0.8175792 1.3165927 0.8175792 0.8448740 0.1614655 0.8175792 1.5256172 0.8673882 1.1320969 0.1694882 1.3165927 1.8067866 1.5163473 1.5163473 1.5163473 1.3165927 0.9762450 1.3165927 1.5540346 1.0428782 0.7866391 0.0043645 1.4220146 
V_caesiotincta_FG0110202213_ltaly_FG0110202213                   0.3118191 0.3118191 0.0000010 6.7123243 0.0000000 0.0021237 0.0000010 0.1725455 0.1694115 0.1766345 0.4009776 0.1692095 0.1740690 0.1672926 0.6355870 0.6177486 0.1758651 0.5223873 0.2007033 0.3085421 0.2076945 0.2076945 0.2197013 0.3361852 0.2197013 0.4099313 0.5417396 0.2261925 0.5417396 0.1968582 0.1442988 0.1451507 0.3807598 0.2231079 0.2231079 0.1360438 0.2472128 0.3551660 0.5491943 0.5491943 0.5417396 0.2425464 0.4478106 0.2076945 0.5417396 0.2576560 0.2576560 0.4176980 0.5223873 0.6299092 0.2506745 0.2965475 0.2965475 0.5417396 0.5209473 0.2468521 0.4117969 0.4117969 0.2232026 0.1807485 0.6118835 0.6196484 0.6777669 0.2802758 0.2370274 0.5788675 0.1823956 0.1672926 0.2231079 0.2197013 0.2762577 0.2861367 0.2861367 0.2403440 0.2439800 0.2464732 0.1003002 0.1986021 0.1338097 0.1460511 0.1460511 0.1442988 0.1763787 0.2370274 0.2370274 0.2284704 0.2289551 0.1708007 0.1786733 0.1175922 0.2425510 0.0174290 0.2556956 0.5286403 0.1982970 0.2129917 0.3512742 0.3491899 0.2407097 0.2550835 0.5286403 0.6965110 0.2582695 0.5441675 0.2635150 0.5417396 0.6965110 0.2550835 0.2453980 0.6965110 0.2374561 0.2479771 0.3916883 0.2412868 0.6343207 0.1692095 0.4478106 0.5223873 0.6965110 0.3563948 0.3620706 0.3620706 0.3260580 0.6965110 0.3587530 0.7020976 0.3703281 0.3587530 0.2282300 0.5293133 0.6796133 
V_caesiotincta_SFC171118_Spain_SFC171118                         0.3074886 0.3074886 0.0000010 1.4886698 0.0021237 0.0000000 0.0026419 0.1856290 0.1831550 0.1889076 0.4293085 0.1739171 0.1775670 0.1970817 0.6950278 0.6911485 0.1666331 0.5890809 0.2138330 0.3225387 0.2326807 0.2320675 0.2154337 0.3655149 0.2121688 0.3966060 0.5896201 0.2564600 0.5896201 0.2107942 0.1552637 0.1559763 0.3843160 0.2362523 0.2406071 0.1439645 0.2228036 0.4757942 0.6372580 0.6281046 0.5896201 0.2323749 0.4759079 0.2320675 0.5896201 0.3055927 0.2988636 0.4531759 0.5754998 0.7034221 0.2473781 0.2879519 0.2879519 0.5896201 0.5286815 0.2858680 0.4673818 0.4694686 0.2040731 0.1801989 0.6867960 0.6867493 0.7708340 0.2961104 0.2558841 0.3520914 0.2001172 0.1970817 0.2362523 0.2121691 0.2568079 0.2671333 0.2671333 0.2204094 0.2671233 0.2453818 0.1131135 0.1844590 0.1504460 0.1567186 0.1567186 0.1579715 0.2022548 0.2584362 0.2584362 0.2503732 0.2507981 0.1835160 0.1671734 0.1177943 0.2215352 0.0226233 0.2727717 0.5943372 0.2136017 0.2358647 0.3238502 0.3221910 0.2172139 0.2222845 0.5808329 0.8088103 0.2300088 0.5917728 0.2625286 0.5896201 0.8050074 0.2281421 0.2206932 0.8050074 0.2147194 0.2227379 0.4649919 0.2176041 0.6889616 0.1739171 0.4773596 0.5783490 0.8050074 0.4041089 0.3984568 0.3984568 0.3726765 0.8050074 0.3404664 0.8100548 0.4048749 0.3254819 0.2215377 0.5791291 0.7723899 
V_caesiotincta_BRNM792940_Czech_Republic                         0.1664119 0.1664119 0.0000010 2.0030688 0.0000010 0.0026419 0.0000000 0.1084095 0.1047444 0.1164370 0.2715907 0.1037548 0.1082284 0.1457544 0.4428529 0.4153615 0.1268208 0.4109889 0.1436180 0.2276363 0.1467165 0.1467165 0.1227494 0.2260717 0.1227494 0.2769852 0.4035374 0.2045884 0.4035374 0.1393564 0.1031821 0.1035691 0.2316726 0.1413861 0.1468001 0.0831475 0.0831475 0.4308584 0.4315258 0.4377986 0.4035374 0.1071308 0.3140082 0.1467165 0.4035374 0.2441856 0.2441856 0.3140082 0.3955927 0.4153615 0.1914018 0.2132792 0.2132792 0.4035374 0.2889948 0.1989687 0.3868675 0.3868675 0.0914637 0.1125727 0.4428758 0.4414440 0.4448178 0.2535179 0.1955716 0.3248013 0.1436180 0.1457544 0.1413861 0.1227494 0.1037979 0.1087059 0.1087059 0.0952700 0.1657999 0.1914018 0.1045874 0.1150531 0.1426570 0.0990729 0.0990729 0.1070780 0.1425755 0.1993140 0.1993140 0.1706150 0.1662632 0.1629459 0.1233728 0.1192238 0.1261006 0.0248083 0.1947601 0.4109889 0.1425755 0.1589706 0.1761873 0.1761873 0.0872279 0.0872279 0.4042624 0.4823704 0.1048966 0.4056470 0.0757432 0.4035374 0.4773555 0.0872279 0.0913723 0.4773555 0.0872279 0.0831475 0.4054787 0.0872279 0.4695032 0.1037548 0.3140082 0.3980700 0.4773555 0.2715907 0.2771200 0.2771200 0.2819028 0.4773555 0.1765592 0.4815293 0.2764133 0.1671903 0.1089611 0.3969760 0.4534364 
V_glaucocephala_AH60251_TYPE_Spain_AH60251_TYPE                  0.2704077 0.2729263 0.2170752 0.9458319 0.1725455 0.1856290 0.1084095 0.0000000 0.0000023 0.0000023 0.3375656 0.0187303 0.0149884 0.0851293 0.6316781 0.6057602 0.1837419 0.4420195 0.0666283 0.2593616 0.1928331 0.1928331 0.1099501 0.2912555 0.1073990 0.3547407 0.4630445 0.1935761 0.4877152 0.0644776 0.1589460 0.1533526 0.2488209 0.0950554 0.0977069 0.1826985 0.2401292 0.3568398 0.4929411 0.4808560 0.4877152 0.2339684 0.3361512 0.1928331 0.4877152 0.2854362 0.2800891 0.3268431 0.4395748 0.6141764 0.1716488 0.2245750 0.2245750 0.4877152 0.4388944 0.2986511 0.4079841 0.4159664 0.2320198 0.0160785 0.6183186 0.6110771 0.6969633 0.2250842 0.2101926 0.3041194 0.0654256 0.0851293 0.0956820 0.1108268 0.2504863 0.2637090 0.2637090 0.2326986 0.2159532 0.1740859 0.1409640 0.2311605 0.2117978 0.1557651 0.1557651 0.1616828 0.1685050 0.1984030 0.1984030 0.2271486 0.2306774 0.2125375 0.1702353 0.1456364 0.2164629 0.1980442 0.3282373 0.4191145 0.1971139 0.1880705 0.2634357 0.2615211 0.2444543 0.2458215 0.4405480 0.6321131 0.2614663 0.4894314 0.2682090 0.4877152 0.6431588 0.2424079 0.2481181 0.6320881 0.2444543 0.2387199 0.3765432 0.2444543 0.6166172 0.0148943 0.3371499 0.4420195 0.6431588 0.3115505 0.3069412 0.3105373 0.2936618 0.6431588 0.2880871 0.6431588 0.3132037 0.2736633 0.2339168 0.4925670 0.6984534 
V_glaucocephala_LAP189_Spain_LAP189                              0.2678854 0.2704077 0.2093821 0.9590487 0.1694115 0.1831550 0.1047444 0.0000023 0.0000000 0.0000020 0.3348396 0.0187693 0.0150191 0.0853163 0.6280673 0.6022849 0.1842003 0.4434264 0.0667721 0.2567484 0.1896292 0.1896292 0.1102041 0.2865428 0.1076465 0.3520574 0.4645660 0.1908840 0.4893175 0.0646166 0.1589460 0.1533526 0.2462152 0.0952670 0.0979254 0.1794505 0.2375510 0.3568398 0.4946837 0.4824286 0.4893175 0.2311952 0.3333267 0.1896292 0.4893175 0.2827806 0.2775087 0.3239577 0.4409673 0.6106595 0.1692084 0.2208601 0.2208601 0.4893175 0.4406157 0.2944947 0.4049423 0.4130465 0.2295252 0.0161138 0.6147595 0.6074540 0.6932063 0.2256691 0.2077181 0.2965749 0.0655739 0.0853163 0.0958961 0.1110902 0.2479214 0.2611037 0.2611037 0.2301404 0.2135102 0.1716487 0.1409640 0.2311605 0.2126039 0.1557651 0.1557651 0.1616828 0.1655520 0.1959356 0.1959356 0.2246432 0.2281650 0.2098420 0.1706656 0.1461602 0.2140430 0.1954824 0.3254803 0.4204502 0.1947241 0.1848788 0.2607172 0.2587911 0.2419220 0.2431806 0.4419714 0.6346424 0.2588881 0.4910439 0.2646199 0.4893175 0.6455712 0.2398351 0.2455790 0.6344877 0.2419220 0.2361533 0.3777521 0.2419220 0.6129444 0.0149251 0.3343186 0.4434264 0.6455712 0.3088176 0.3042731 0.3078668 0.2908677 0.6455712 0.2854082 0.6455712 0.3105373 0.2709985 0.2313084 0.4941879 0.6946946 
V_glaucocephala_LOU18924_Spain_LOU18924                          0.2695170 0.2720026 0.2355648 0.8203609 0.1766345 0.1889076 0.1164370 0.0000023 0.0000020 0.0000000 0.3446940 0.0202934 0.0150105 0.0837252 0.6384802 0.5907590 0.1799164 0.4208312 0.0678997 0.2526500 0.1934578 0.1911608 0.1128235 0.2906020 0.1102982 0.3502669 0.4535423 0.1989466 0.4641289 0.0657701 0.1613382 0.1558187 0.2434165 0.0934608 0.0960589 0.1885712 0.2370993 0.3619081 0.4946838 0.4741607 0.4641289 0.2381046 0.3373829 0.1911608 0.4641289 0.2932452 0.2806604 0.3252330 0.4185731 0.5987412 0.1697864 0.2150395 0.2150395 0.4641289 0.4301830 0.3003520 0.4092807 0.4054915 0.2333827 0.0181557 0.6025803 0.6171627 0.6717042 0.2218096 0.2051239 0.3018447 0.0663371 0.0837252 0.0934608 0.1160869 0.2508557 0.2704368 0.2704368 0.2322146 0.2196807 0.1746515 0.1437397 0.2307121 0.2189863 0.1592127 0.1592127 0.1640368 0.1722485 0.1987616 0.1987616 0.2237878 0.2249900 0.2179159 0.1741206 0.1523829 0.2180354 0.2057572 0.3217750 0.4055553 0.1925053 0.1865011 0.2586720 0.2567956 0.2420491 0.2493795 0.4318690 0.6452986 0.2591787 0.4657160 0.2684739 0.4641289 0.6323637 0.2393280 0.2456270 0.6166470 0.2420491 0.2364084 0.3643770 0.2420491 0.6228108 0.0165405 0.3383700 0.4274726 0.6323637 0.3188459 0.3061345 0.3096529 0.2914352 0.6323637 0.2885322 0.6323637 0.3122637 0.2773773 0.2353079 0.4687591 0.6731291 
V_nivea_GDGM25489_TYPE_China_Guangdong_GDGM25489_TYPE            0.4585903 0.4585903 0.6543925 1.6722827 0.4009776 0.4293085 0.2715907 0.3375656 0.3348396 0.3446940 0.0000000 0.3643269 0.3323024 0.3690884 0.7852399 0.7518878 0.3772701 0.7262811 0.3729890 0.5458669 0.3498380 0.4030337 0.3025627 0.4870033 0.3120706 0.3887228 0.7253567 0.4473224 0.6903756 0.3764061 0.3500197 0.3502825 0.4326092 0.4023663 0.4126554 0.2391889 0.3563881 0.7452730 0.6840041 0.6727154 0.7759337 0.3516476 0.6123227 0.3788041 0.7023777 0.1555286 0.1734013 0.6757187 0.7458265 0.7382196 0.4515428 0.4196758 0.4196758 0.7029905 0.7013330 0.5191011 0.5784249 0.6017495 0.3093735 0.3064546 0.7284441 0.7679350 0.7501326 0.4824930 0.4560858 0.5534960 0.4032033 0.3827177 0.4443153 0.3086959 0.3755219 0.3494557 0.3484951 0.3534507 0.3860838 0.4175804 0.2065517 0.4173729 0.2860382 0.3314404 0.3314404 0.3745905 0.2647985 0.4633342 0.4633342 0.3739408 0.4092502 0.3472260 0.3652558 0.2520897 0.4619674 0.4245445 0.5280666 0.8245657 0.3967182 0.3768146 0.4449151 0.4435708 0.3242210 0.3187505 0.7400783 0.6970697 0.3237774 0.7426240 0.3413509 0.7530742 0.8107333 0.3550346 0.3506862 0.8662408 0.3291394 0.3504419 0.7548243 0.3320833 0.7329460 0.3452794 0.6466408 0.7594155 0.7342942 0.0372038 0.0603022 0.0594892 0.0640335 0.8360921 0.4103878 0.8185554 0.0518340 0.3818397 0.3970116 0.7178198 0.8186347 
V_hypopithys_KM257372_United_Kingdom_KM257372                    0.2591163 0.2584435 0.2054927 0.8673882 0.1692095 0.1739171 0.1037548 0.0187303 0.0187693 0.0202934 0.3643269 0.0000000 0.0036867 0.0804627 0.6196521 0.5846320 0.1702163 0.3977445 0.0722727 0.2533199 0.1814699 0.1655988 0.1091463 0.2818427 0.1023604 0.3316558 0.4661519 0.2053718 0.4368645 0.0691996 0.1434014 0.1399447 0.2488291 0.0972322 0.1051075 0.1726687 0.2365112 0.3802524 0.5030803 0.4817571 0.4303455 0.2431798 0.3148650 0.1655988 0.4303455 0.2770764 0.2573948 0.3132888 0.4029710 0.5886033 0.1626763 0.2042512 0.2058064 0.4303455 0.4352870 0.2571559 0.4120897 0.3912989 0.2129672 0.0059371 0.5783050 0.5984365 0.6953364 0.2151557 0.1953445 0.2631650 0.0691070 0.0778709 0.0991340 0.1128666 0.2310237 0.2517853 0.2517853 0.1985874 0.2004586 0.1657796 0.1206466 0.1886971 0.2015020 0.1528134 0.1528134 0.1458435 0.1581347 0.1806610 0.1806610 0.2231140 0.2061413 0.2140607 0.1709277 0.1479540 0.2088083 0.1886753 0.2991427 0.3801631 0.1669799 0.1824660 0.2384639 0.2366892 0.2125131 0.2412682 0.4438229 0.6506296 0.2449220 0.4807946 0.2764778 0.4303455 0.5509864 0.2125630 0.2128720 0.5407936 0.2097377 0.2384509 0.3343766 0.2125131 0.6037264 0.0052254 0.3445550 0.4377975 0.5509864 0.3053062 0.2678944 0.2723672 0.2547632 0.5509864 0.2581228 0.5509864 0.2939160 0.2717694 0.2172856 0.4729093 0.6699875 
V_hypopithys_EB01092020_Italy_EB01092020                         0.2647087 0.2640085 0.2071498 0.9338226 0.1740690 0.1775670 0.1082284 0.0149884 0.0150191 0.0150105 0.3323024 0.0036867 0.0000000 0.0831072 0.6354538 0.6209720 0.1786103 0.4292708 0.0689705 0.2674115 0.1789841 0.1789841 0.1054360 0.2862855 0.1029016 0.3548138 0.4575283 0.2005172 0.4789582 0.0668057 0.1512238 0.1456832 0.2555715 0.0998384 0.1025296 0.1738013 0.2369561 0.3703693 0.5001975 0.4827647 0.4789582 0.2410605 0.3418886 0.1789841 0.4789582 0.2746518 0.2696611 0.3315377 0.4269058 0.6296335 0.1602049 0.2286160 0.2286160 0.4789582 0.4247834 0.2868053 0.4015649 0.4097984 0.2233916 0.0019837 0.6220371 0.6148606 0.7275587 0.2166392 0.2042529 0.2800313 0.0654493 0.0831072 0.1002567 0.1061779 0.2376227 0.2512384 0.2512384 0.2232012 0.2016526 0.1597940 0.1244382 0.2089791 0.2022630 0.1476996 0.1476996 0.1539401 0.1605807 0.1979666 0.1979666 0.2272846 0.2308158 0.2158867 0.1702682 0.1445998 0.2132529 0.1902120 0.3084145 0.4095596 0.1804312 0.1770793 0.2634921 0.2615773 0.2356327 0.2432826 0.4276207 0.6491791 0.2516638 0.4806416 0.2785740 0.4789582 0.6531611 0.2392358 0.2392541 0.6421541 0.2356327 0.2362498 0.3672820 0.2356327 0.6204540 0.0036867 0.3429101 0.4292708 0.6531611 0.3100757 0.3055238 0.3091010 0.2922460 0.6531611 0.2890206 0.6531611 0.3117565 0.2745474 0.2281630 0.4837718 0.7290851 
V_strangulata_TOAV141_Italy_TOAV141                              0.2710202 0.2746202 0.2946196 0.9976845 0.1672926 0.1970817 0.1457544 0.0851293 0.0853163 0.0837252 0.3690884 0.0804627 0.0831072 0.0000000 0.5894550 0.5598263 0.1967874 0.4103687 0.0597461 0.3003849 0.1858667 0.1794130 0.1059901 0.3004089 0.1009886 0.3268565 0.4635879 0.2667435 0.4207551 0.0578304 0.1769232 0.1720045 0.2283422 0.1349811 0.1405078 0.2424594 0.2913384 0.3752685 0.4973229 0.4854577 0.4403302 0.2630909 0.3543212 0.1766518 0.4207551 0.2893091 0.2691293 0.3697206 0.4045513 0.5580195 0.2006437 0.2235184 0.2235184 0.4207551 0.4314187 0.2748950 0.3950511 0.3771410 0.2441184 0.0886390 0.5428819 0.5615744 0.6539654 0.2641249 0.2114041 0.3809018 0.0605306 0.0000010 0.1407475 0.1111033 0.2599977 0.2858637 0.2858637 0.2527315 0.2335051 0.2082407 0.1556911 0.2309497 0.2233335 0.1854414 0.1854414 0.1770611 0.1554898 0.2012350 0.2012350 0.2239644 0.2131640 0.2498532 0.2014077 0.1770267 0.2069503 0.2017388 0.3729482 0.4211200 0.1832250 0.1894238 0.2959776 0.2942685 0.2559574 0.2867822 0.4441317 0.5744617 0.2862924 0.4733252 0.3028071 0.4244938 0.5440873 0.2636998 0.2593422 0.5746437 0.2559574 0.2875141 0.3773559 0.2588854 0.5694355 0.0778274 0.3799643 0.4346664 0.5386422 0.3274867 0.3044179 0.3051059 0.2969127 0.5612686 0.3113790 0.5460286 0.3164862 0.3141959 0.2564755 0.4295493 0.6336482 
Vp_earlei_TOAV134_Italy_TOAV134                                  0.7112983 0.7190279 1.2210646 1.5122097 0.6355870 0.6950278 0.4428529 0.6316781 0.6280673 0.6384802 0.7852399 0.6196521 0.6354538 0.5894550 0.0000000 0.1724427 0.6843349 0.7291794 0.6704331 0.7734939 0.6849458 0.7126749 0.6869273 0.7585415 0.6869273 0.7511351 0.6847543 0.6327034 0.6540289 0.6643999 0.7078439 0.6950801 0.7562767 0.5764513 0.5853260 0.4699008 0.7021499 0.6384929 0.6227361 0.6243767 0.6888955 0.6150087 0.7592395 0.6959610 0.6540289 0.6813024 0.6875519 0.7656549 0.7323487 0.1752221 0.8497507 0.6889644 0.6889644 0.6540289 0.6917714 0.6832710 0.8206132 0.8217965 0.6719948 0.6117289 0.0115474 0.0067258 0.1949446 0.9555861 0.7399685 1.7723146 0.6667263 0.6239624 0.6148874 0.6981622 0.7048579 0.7167531 0.7167531 0.7059310 0.6715031 0.8821776 0.4525539 0.6714269 0.5674317 0.6956597 0.6956597 0.7250526 0.4936237 0.7475957 0.7475957 0.6823602 0.6897566 0.6466920 0.7078002 0.4694601 0.8202955 0.6431705 0.7529097 0.7647558 0.7225025 0.6959189 0.7466967 0.7466967 0.7094526 0.6943961 0.7174073 0.1890948 0.7387240 0.7016054 0.6219688 0.6587851 0.2012243 0.6806617 0.7173310 0.2064742 0.7018148 0.6784663 0.6840553 0.7018148 0.0101712 0.5962356 0.7649870 0.7116734 0.2004123 0.7388977 0.7599750 0.7479628 0.7141108 0.2054025 0.7482668 0.2012369 0.7543533 0.6968188 0.6264553 0.6540289 0.1977299 
Vp_michiganensis_MICH11761_TYPE_USA_MICH11761_TYPE               0.6395719 0.6464365 1.0565515 1.1739843 0.6177486 0.6911485 0.4153615 0.6057602 0.6022849 0.5907590 0.7518878 0.5846320 0.6209720 0.5598263 0.1724427 0.0000000 0.6126197 0.7297423 0.6132271 0.7883481 0.6731254 0.6707700 0.6110497 0.7204101 0.6110497 0.7923890 0.7153740 0.6007195 0.6779821 0.6077653 0.7091589 0.7009322 0.6929273 0.5657805 0.5742872 0.4377570 0.6459700 0.6867163 0.6992942 0.6853634 0.7082461 0.6137611 0.7203039 0.6607824 0.6779821 0.6841773 0.6701600 0.7173113 0.7328111 0.0029520 0.7372618 0.6340850 0.6340850 0.6779821 0.6652982 0.7034964 0.7928823 0.7639767 0.6247941 0.5903672 0.1716553 0.1761517 0.0817576 0.7900242 0.6650607 0.9895796 0.6003065 0.5864807 0.5999704 0.6317321 0.6779608 0.7182465 0.7182465 0.6468443 0.6772547 0.7829316 0.3925481 0.6281249 0.5592352 0.6936376 0.6936376 0.7202788 0.4833716 0.6702153 0.6702153 0.6391064 0.6298056 0.6162058 0.6466152 0.4170232 0.7032101 0.6626090 0.7351231 0.7506164 0.6721067 0.6368791 0.6841243 0.6841243 0.6666900 0.6714198 0.7371881 0.2343265 0.6989707 0.7208711 0.6769650 0.6779821 0.2253081 0.6296940 0.6739821 0.2188958 0.6595821 0.6329329 0.6789885 0.6606440 0.1733632 0.5659589 0.7179943 0.7323550 0.2253081 0.7304045 0.7209207 0.7076299 0.6632838 0.2298588 0.7000028 0.2253194 0.7135580 0.6817855 0.5936506 0.6725466 0.0856709 
V_taylorii_AJ54_Portugal_AJ54                                    0.3049259 0.3049259 0.2241398 0.9332937 0.1758651 0.1666331 0.1268208 0.1837419 0.1842003 0.1799164 0.3772701 0.1702163 0.1786103 0.1967874 0.6843349 0.6126197 0.0000000 0.3683429 0.1862341 0.2487967 0.2108742 0.2088436 0.1790846 0.3101036 0.1713021 0.3224071 0.4717930 0.2164122 0.4002773 0.1865327 0.0939331 0.0921970 0.3148318 0.2313005 0.2454473 0.1812675 0.2118270 0.5401602 0.4347478 0.4307388 0.4515645 0.2185993 0.3548506 0.1964027 0.4078493 0.2651201 0.2452047 0.3765544 0.3677428 0.5559093 0.2162298 0.2194785 0.2194785 0.4124293 0.4190485 0.2497505 0.4204436 0.3981653 0.2033474 0.1736770 0.6005539 0.6665134 0.6155376 0.2482096 0.2310231 0.3310023 0.1950563 0.2047124 0.2476686 0.1877589 0.2253949 0.2397750 0.2391622 0.2149247 0.2231448 0.2190702 0.1483853 0.2019581 0.1969703 0.1131257 0.1131257 0.1009277 0.1739711 0.2236598 0.2236598 0.2122600 0.2079438 0.1271999 0.0070055 0.0100464 0.1993349 0.1856480 0.3524386 0.3964353 0.2032517 0.1937478 0.2627573 0.2627573 0.1836835 0.1992088 0.3909457 0.6833352 0.2153143 0.4909954 0.2311520 0.4359568 0.6975367 0.1951211 0.1860444 0.7112774 0.1902707 0.2061878 0.3542272 0.1857636 0.6216806 0.1576695 0.3999174 0.3958735 0.6269051 0.3493771 0.3273443 0.3245257 0.2980495 0.7211507 0.2883759 0.7002445 0.3393902 0.2636415 0.2308121 0.4048485 0.5929949 
V_bombycina_AJ244_Spain_AJ244                                    0.6065118 0.6095423 1.3648445 0.1614655 0.5223873 0.5890809 0.4109889 0.4420195 0.4434264 0.4208312 0.7262811 0.3977445 0.4292708 0.4103687 0.7291794 0.7297423 0.3683429 0.0000000 0.3879792 0.6033616 0.4896342 0.4676339 0.4454596 0.5734961 0.4060079 0.5445322 0.1213232 0.5372258 0.1039756 0.3917528 0.3788715 0.3749353 0.5972890 0.3965405 0.4370973 0.4130800 0.5279839 0.5638736 0.1829055 0.1720020 0.1120933 0.4607049 0.5265768 0.4313543 0.1052405 0.6025168 0.5517167 0.5177377 0.0028127 0.6514472 0.4929700 0.4803320 0.4803320 0.1059890 0.0020052 0.4863357 0.5803748 0.5396149 0.4408716 0.3969388 0.6371094 0.7191418 0.7196020 0.6397233 0.4937478 0.8666438 0.3917393 0.4189512 0.4348004 0.4739892 0.5553701 0.5734619 0.5715715 0.4707879 0.5019717 0.5564555 0.3347900 0.4851208 0.4670221 0.4192677 0.4192677 0.4128153 0.4505189 0.4566543 0.4566543 0.4322031 0.3961572 0.4412892 0.4052237 0.3443982 0.5517534 0.5747218 0.6516012 0.0015081 0.4836768 0.4539003 0.5002113 0.4945387 0.4336453 0.5021677 0.0029956 0.6500544 0.5385466 0.1252086 0.5330921 0.1096938 0.6476275 0.4699492 0.4370042 0.6719637 0.4597353 0.4857198 0.0016400 0.4342316 0.6667846 0.3683505 0.6021030 0.0071875 0.5874356 0.7388261 0.6690458 0.6535354 0.6147399 0.6675093 0.5289237 0.6477207 0.7016355 0.5065375 0.4684222 0.1073855 0.6966606 
V_surrecta_AJ55_Spain_AJ55                                       0.2858403 0.2882305 0.2853768 1.0166989 0.2007033 0.2138330 0.1436180 0.0666283 0.0667721 0.0678997 0.3729890 0.0722727 0.0689705 0.0597461 0.6704331 0.6132271 0.1862341 0.3879792 0.0000000 0.3015298 0.2031894 0.1965369 0.1054853 0.3368675 0.0991882 0.3251270 0.4779230 0.2646466 0.3974605 0.0015792 0.1687125 0.1645037 0.2238026 0.1186535 0.1281907 0.2437604 0.2989001 0.3972534 0.4796042 0.4649401 0.4494510 0.2576428 0.3364631 0.1850307 0.4051243 0.3034431 0.2800070 0.3710238 0.3890405 0.5551464 0.2226575 0.2234727 0.2234727 0.4097618 0.4595267 0.2786557 0.3938974 0.3771239 0.2431530 0.0721500 0.5744019 0.6425212 0.6168946 0.2620768 0.2226027 0.3580120 0.0000010 0.0604918 0.1284324 0.1121273 0.2786904 0.2955856 0.2947866 0.2508657 0.2383794 0.2312893 0.1503370 0.2354922 0.2145466 0.1830038 0.1830038 0.1815236 0.1761604 0.2103467 0.2103467 0.2322657 0.2167192 0.2668350 0.2073859 0.1771019 0.2310035 0.2252561 0.3692810 0.4219116 0.1955721 0.1931504 0.2942625 0.2925893 0.2443007 0.2818060 0.4274386 0.5467810 0.2966241 0.4967528 0.3260220 0.4336082 0.5491427 0.2665203 0.2468221 0.5691047 0.2534072 0.2816447 0.3793107 0.2464244 0.6112648 0.0712028 0.3890468 0.4230807 0.4974969 0.3634433 0.3293883 0.3297104 0.3161405 0.5662522 0.3114562 0.5510782 0.3500808 0.2918624 0.2916917 0.4227417 0.5987409 
V_lepiotospora_AJ155_USA_AJ155                                   0.3070244 0.3062465 0.4733868 0.9864094 0.3085421 0.3225387 0.2276363 0.2593616 0.2567484 0.2526500 0.5458669 0.2533199 0.2674115 0.3003849 0.7734939 0.7883481 0.2487967 0.6033616 0.3015298 0.0000000 0.3268805 0.3111394 0.3108120 0.3266086 0.2960547 0.3891849 0.6540346 0.0135539 0.5826537 0.2983008 0.2577632 0.2498815 0.3899837 0.3224522 0.3364032 0.1313724 0.2015490 0.5538642 0.6995349 0.6329048 0.6064682 0.2277988 0.5095082 0.3079186 0.5826537 0.4254886 0.3966093 0.4498806 0.6002469 0.7873113 0.2775348 0.2858672 0.2858672 0.5826537 0.6624568 0.3290125 0.5249335 0.4832551 0.2217230 0.2729882 0.7307420 0.7737846 0.7994319 0.3756137 0.2879157 0.3125023 0.2729314 0.3108625 0.3293581 0.3268848 0.2443552 0.2801793 0.2801793 0.2074017 0.2173207 0.3114181 0.1496776 0.2872576 0.2350621 0.2842664 0.2842664 0.2633351 0.2509464 0.2905737 0.2905737 0.2667301 0.2553371 0.2649740 0.2445321 0.2146566 0.3409170 0.3387231 0.4543249 0.6295743 0.3068673 0.3143811 0.1369914 0.1376593 0.1876220 0.2056670 0.6516666 0.8920099 0.2101117 0.6550827 0.2234100 0.5826537 0.7806767 0.1899162 0.1905309 0.8014454 0.1876220 0.2039202 0.5284026 0.1931508 0.8009065 0.2443650 0.5320327 0.6285267 0.7806767 0.4718996 0.4434118 0.4346227 0.3966244 0.8082745 0.1510203 0.7946545 0.4545142 0.1501858 0.2067132 0.6025017 0.7833630 
V_dunensis_RFS07031003_Spain_RFS07031003                         0.3191468 0.3191468 0.3632197 1.2608758 0.2076945 0.2326807 0.1467165 0.1928331 0.1896292 0.1934578 0.3498380 0.1814699 0.1789841 0.1858667 0.6849458 0.6731254 0.2108742 0.4896342 0.2031894 0.3268805 0.0000000 0.0000010 0.2134463 0.3062681 0.2088197 0.4201147 0.5714731 0.2534069 0.5309833 0.2004483 0.1595827 0.1606757 0.3429185 0.2063364 0.2100187 0.2193843 0.2792685 0.5238707 0.5454791 0.5212195 0.5778621 0.2508764 0.4233710 0.0000010 0.5309833 0.3138666 0.3048032 0.4291286 0.4870865 0.6503007 0.2505092 0.2637334 0.2637334 0.5309833 0.5045641 0.2815610 0.4871321 0.4812934 0.2517241 0.1679082 0.6457931 0.6719634 0.6989531 0.2682796 0.1683929 0.4356641 0.1930036 0.1930800 0.2182420 0.2284616 0.2535037 0.2423240 0.2423240 0.2582096 0.2494303 0.2681458 0.1617922 0.2478292 0.2255986 0.1898941 0.1898941 0.1685019 0.0536580 0.1637411 0.1637411 0.1604742 0.1601085 0.2015837 0.1984446 0.1465546 0.2698843 0.2350308 0.3206355 0.5200565 0.0617154 0.0238285 0.3112646 0.3112646 0.2520715 0.2803765 0.4954063 0.6523035 0.2726512 0.5949802 0.3052989 0.5542756 0.6873176 0.2819952 0.2556166 0.7138057 0.2485634 0.2627340 0.4574049 0.2485634 0.6625419 0.1698522 0.4413585 0.4896342 0.6552367 0.3442517 0.3403625 0.3369866 0.3043059 0.7116630 0.3158022 0.6940873 0.3422104 0.2920094 0.2420274 0.5264052 0.7063017 
V_dunensis_SCM3513_Spain_SCM3513                                 0.3182937 0.3182937 0.3632197 1.1502249 0.2076945 0.2320675 0.1467165 0.1928331 0.1896292 0.1911608 0.4030337 0.1655988 0.1789841 0.1794130 0.7126749 0.6707700 0.2088436 0.4676339 0.1965369 0.3111394 0.0000010 0.0000000 0.2165549 0.3033402 0.1971097 0.4098519 0.5695525 0.2534069 0.5013823 0.1897096 0.1513105 0.1545816 0.3438911 0.1928566 0.2121214 0.2193843 0.2820006 0.5238707 0.5803159 0.5496673 0.4904908 0.2629589 0.3915042 0.0000010 0.4761007 0.3285159 0.3038295 0.4017009 0.4738863 0.6739153 0.2441056 0.2512996 0.2532344 0.4832222 0.5045641 0.2673566 0.5162648 0.4783021 0.2550095 0.1751398 0.6674159 0.6967535 0.7316959 0.2675968 0.1639808 0.4246618 0.1790433 0.1762423 0.2020793 0.2284616 0.2505367 0.2528586 0.2528586 0.2334172 0.2596848 0.2681458 0.1595748 0.2239643 0.2255986 0.1894245 0.1894245 0.1543419 0.0536580 0.1526388 0.1526388 0.1662754 0.1525307 0.2015837 0.1984446 0.1465546 0.2679838 0.2363068 0.3188070 0.4685874 0.0574179 0.0292731 0.2752492 0.2752492 0.2340855 0.2937091 0.5239389 0.6980821 0.2747417 0.5823850 0.3076782 0.4810896 0.5865059 0.2541148 0.2404670 0.6033982 0.2281615 0.2797307 0.3870769 0.2309285 0.7086483 0.1690654 0.4417008 0.5122019 0.5786678 0.3442517 0.3009237 0.3052466 0.2648408 0.5960980 0.2799109 0.5953962 0.3314188 0.3046342 0.2363532 0.5333689 0.7111121 
V_terrea_LUG11010_France_LUG11010                                0.3152735 0.3144604 0.2285174 1.0547862 0.2197013 0.2154337 0.1227494 0.1099501 0.1102041 0.1128235 0.3025627 0.1091463 0.1054360 0.1059901 0.6869273 0.6110497 0.1790846 0.4454596 0.1054853 0.3108120 0.2134463 0.2165549 0.0000000 0.2730802 0.0016262 0.3527412 0.5269579 0.2285778 0.4874595 0.1032974 0.1508001 0.1465803 0.2597518 0.1811357 0.1844250 0.1942694 0.2591172 0.3822602 0.5245327 0.5193240 0.5227747 0.2160304 0.3539660 0.2095924 0.4874595 0.2499115 0.2417444 0.3457351 0.4432380 0.5939742 0.1904511 0.2432904 0.2432904 0.4874595 0.4548195 0.3202126 0.4392241 0.4333372 0.2383091 0.0978038 0.6248538 0.6627352 0.6971247 0.2240601 0.2149250 0.2885612 0.0962798 0.1094660 0.1926487 0.0017392 0.2630486 0.2728660 0.2728660 0.2475902 0.2574411 0.2125963 0.1309528 0.2334497 0.1858845 0.1462861 0.1462861 0.1579772 0.1782570 0.2099274 0.2099274 0.2382162 0.2379657 0.2031468 0.1737691 0.1400975 0.2259665 0.2177693 0.3583856 0.4758633 0.2119393 0.1973438 0.3346579 0.3329968 0.2498975 0.2629745 0.4611067 0.6508557 0.2741077 0.5356852 0.2938110 0.5029242 0.6577757 0.2576718 0.2532553 0.7044823 0.2498975 0.2483117 0.3827642 0.2515906 0.6517514 0.1036417 0.3648259 0.4646908 0.6340257 0.2852832 0.2764966 0.2712546 0.2580150 0.6805448 0.3382805 0.6603754 0.2800164 0.3357198 0.2593244 0.4917733 0.6903751 
V_sathei_AMH9436_TYPE_India_AMH9436_TYPE                         0.3691809 0.3691809 0.4745754 1.3886233 0.3361852 0.3655149 0.2260717 0.2912555 0.2865428 0.2906020 0.4870033 0.2818427 0.2862855 0.3004089 0.7585415 0.7204101 0.3101036 0.5734961 0.3368675 0.3266086 0.3062681 0.3033402 0.2730802 0.0000000 0.2730802 0.5102149 0.5970757 0.2863684 0.5922770 0.3326940 0.2622234 0.2637572 0.3890652 0.3541546 0.3606159 0.2038889 0.2668330 0.5223730 0.5432469 0.5628758 0.5922770 0.2829674 0.4937069 0.3033402 0.5922770 0.4179795 0.4280916 0.4954531 0.5699525 0.7235086 0.3811613 0.0891989 0.0891989 0.5922770 0.5217655 0.4601552 0.5312685 0.5661403 0.2675094 0.2619770 0.7237017 0.7210968 0.8115073 0.3586446 0.3718213 0.6287414 0.3368675 0.3004089 0.3541546 0.2614668 0.3006664 0.3043101 0.3043101 0.2655579 0.2694553 0.3863247 0.1833156 0.3476248 0.2546325 0.2948197 0.2948197 0.2658866 0.2827137 0.3816728 0.3816728 0.3338200 0.3323085 0.3774389 0.3143436 0.2293157 0.3855809 0.3470512 0.4611904 0.5791175 0.3322373 0.3140370 0.3343917 0.3343917 0.2635867 0.2645560 0.5722323 0.7012532 0.2782293 0.6017650 0.2543203 0.5922770 0.6845430 0.2689138 0.2678506 0.6845430 0.2593712 0.2668264 0.5492139 0.2593712 0.7403164 0.2818427 0.4954531 0.5826191 0.6845430 0.4233423 0.4294113 0.4294113 0.4191582 0.6845430 0.3479670 0.6959210 0.4370520 0.3329939 0.3093034 0.5866048 0.8211646 
V_terrea_KM195631_UnitedKingdom_KM195631                         0.3152883 0.3144818 0.2181151 1.0201326 0.2197013 0.2121688 0.1227494 0.1073990 0.1076465 0.1102982 0.3120706 0.1023604 0.1029016 0.1009886 0.6869273 0.6110497 0.1713021 0.4060079 0.0991882 0.2960547 0.2088197 0.1971097 0.0016262 0.2730802 0.0000000 0.3299892 0.5210967 0.2248111 0.4395367 0.0954073 0.1381841 0.1361815 0.2530309 0.1640702 0.1784086 0.1900193 0.2639605 0.3822602 0.5090975 0.4999230 0.4596578 0.2110700 0.3185191 0.1908318 0.4218650 0.2410856 0.2294439 0.3330380 0.4109203 0.5730343 0.1872780 0.2231742 0.2247249 0.4252297 0.4548195 0.2901284 0.4273732 0.4065696 0.2280574 0.0959055 0.6055108 0.6627352 0.6748024 0.2208422 0.2096439 0.2783441 0.0917652 0.1028911 0.1826076 0.0000010 0.2590386 0.2634742 0.2634742 0.2287130 0.2487762 0.2092983 0.1269706 0.2160473 0.1813757 0.1435549 0.1435549 0.1476270 0.1744860 0.1984585 0.1984585 0.2299085 0.2168059 0.2031468 0.1707550 0.1360872 0.2223527 0.2144553 0.3540335 0.4419297 0.1970405 0.1962115 0.2993150 0.2977203 0.2255075 0.2535282 0.4436257 0.6288521 0.2705433 0.5298965 0.2938110 0.4441824 0.5749536 0.2337105 0.2297012 0.6093726 0.2253591 0.2534654 0.3380970 0.2245284 0.6300881 0.1004787 0.3722698 0.4393408 0.5417784 0.2814655 0.2496066 0.2521867 0.2320176 0.5922536 0.3035493 0.5769186 0.2736390 0.3239878 0.2558058 0.4669350 0.6603188 
V_rava_GDGM41955_TYPE_China_Guangdong_GDGM41955_TYPE             0.4681281 0.4668811 0.5828149 1.0004428 0.4099313 0.3966060 0.2769852 0.3547407 0.3520574 0.3502669 0.3887228 0.3316558 0.3548138 0.3268565 0.7511351 0.7923890 0.3224071 0.5445322 0.3251270 0.3891849 0.4201147 0.4098519 0.3527412 0.5102149 0.3299892 0.0000000 0.6937019 0.3685211 0.5650287 0.3275741 0.3457935 0.3490856 0.4606305 0.3865546 0.4170521 0.2251188 0.3104574 0.5656161 0.5945464 0.5789967 0.6431620 0.3184737 0.4482710 0.3805735 0.5802696 0.3504484 0.3191086 0.4910343 0.5144774 0.7235248 0.4374506 0.3599131 0.3599131 0.5874347 0.6829583 0.3759352 0.4814789 0.4537430 0.2701749 0.3102070 0.6559055 0.7343225 0.7220629 0.5146112 0.4083149 0.5691800 0.3405813 0.3341755 0.4271546 0.3814302 0.3536455 0.3578614 0.3568881 0.2941499 0.3550664 0.4605533 0.2443038 0.3984366 0.3673224 0.3925641 0.3925641 0.3672960 0.3261716 0.3910330 0.3910330 0.3624862 0.3443920 0.3684238 0.3618542 0.2867165 0.4185085 0.3761229 0.5879431 0.6037977 0.3794045 0.3603376 0.3727054 0.3748063 0.2720086 0.3063079 0.6139840 0.8046515 0.3221940 0.6996625 0.3143358 0.6245828 0.8225885 0.2938707 0.2669819 0.8291791 0.2800488 0.2892334 0.5181698 0.2684107 0.6824233 0.3044511 0.5266658 0.5666118 0.7399919 0.3360637 0.3076940 0.3082591 0.2977498 0.8501659 0.3689735 0.8257808 0.3247377 0.3731987 0.3444975 0.5681737 0.7255818 
V_volvacea_ZJ0001GBJ01_China_ZJ0001GBJ01                         0.5525299 0.5556661 1.3942161 0.0000010 0.5417396 0.5896201 0.4035374 0.4630445 0.4645660 0.4535423 0.7253567 0.4661519 0.4575283 0.4635879 0.6847543 0.7153740 0.4717930 0.1213232 0.4779230 0.6540346 0.5714731 0.5695525 0.5269579 0.5970757 0.5210967 0.6937019 0.0000000 0.5016014 0.0000010 0.4732381 0.4896008 0.4897272 0.6323423 0.5052616 0.5131404 0.4393298 0.5502212 0.5420604 0.1444351 0.1387217 0.0000010 0.5767977 0.5986059 0.5695525 0.0000010 0.6399749 0.6307921 0.5468180 0.1261731 0.7149924 0.5263803 0.5510276 0.5510276 0.0000010 0.1296815 0.6341422 0.6289805 0.6072744 0.5602922 0.4763662 0.6755767 0.6897670 0.8260538 0.6221524 0.5007605 0.9026510 0.4443271 0.4635879 0.5052616 0.5250274 0.6250479 0.6946648 0.6946648 0.5309587 0.5718341 0.5363161 0.3644358 0.5642078 0.4945787 0.4759332 0.4759332 0.4942020 0.4529354 0.4851279 0.4851279 0.5153366 0.5205558 0.4574128 0.4545235 0.3807802 0.5949656 0.5710983 0.5899886 0.1218479 0.5643647 0.5487799 0.6031549 0.5966606 0.5474521 0.5603008 0.1300031 0.7729370 0.5785869 0.0031968 0.5541611 0.0000010 0.7548770 0.5497532 0.5537083 0.7255132 0.5554897 0.5536052 0.0897426 0.5617770 0.6672666 0.4661519 0.5924339 0.1215752 0.7548770 0.7018043 0.6957957 0.6957957 0.6383763 0.7548770 0.6340660 0.7629420 0.7051202 0.6272412 0.5161988 0.0031813 0.8329031 
V_lepiotospora_FLASF_61505_USA_FLASF_61505                       0.2237906 0.2231824 0.4411925 1.0922326 0.2261925 0.2564600 0.2045884 0.1935761 0.1908840 0.1989466 0.4473224 0.2053718 0.2005172 0.2667435 0.6327034 0.6007195 0.2164122 0.5372258 0.2646466 0.0135539 0.2534069 0.2534069 0.2285778 0.2863684 0.2248111 0.3685211 0.5016014 0.0000000 0.5016014 0.2610844 0.2333021 0.2270469 0.3160232 0.2848780 0.2901905 0.1183008 0.1415294 0.5003398 0.5660969 0.5200480 0.5016014 0.1672788 0.4074601 0.2534069 0.5016014 0.3635982 0.3591743 0.4021505 0.5340285 0.6054617 0.2508827 0.2240773 0.2240773 0.5016014 0.4931699 0.2662573 0.4123072 0.4059765 0.1607928 0.2149698 0.6289083 0.6326932 0.6625828 0.2839288 0.2414163 0.2947918 0.2646466 0.2667435 0.2848780 0.2285560 0.1653962 0.1965471 0.1965471 0.1600579 0.1738666 0.2508827 0.1371443 0.2579037 0.2123927 0.2290640 0.2290640 0.2366268 0.2244884 0.2462827 0.2462827 0.2155630 0.2181235 0.2414088 0.2168136 0.1898263 0.2808381 0.2556642 0.3266344 0.5424762 0.2300420 0.2392759 0.1055444 0.1055444 0.1305451 0.1474683 0.5341898 0.6950410 0.1435495 0.5034754 0.1503990 0.5016014 0.6940129 0.1432471 0.1335722 0.6940129 0.1305451 0.1436566 0.5224178 0.1305451 0.6598575 0.2053718 0.4021505 0.5293946 0.6940129 0.3997448 0.3972850 0.3972850 0.4025280 0.6940129 0.1060580 0.7053409 0.4002150 0.1006586 0.1643951 0.4965473 0.6771034 
V_volvacea_CBS355_64_India_CBS355_64                             0.5700942 0.5731284 1.3942161 0.0000010 0.5417396 0.5896201 0.4035374 0.4877152 0.4893175 0.4641289 0.6903756 0.4368645 0.4789582 0.4207551 0.6540289 0.6779821 0.4002773 0.1039756 0.3974605 0.5826537 0.5309833 0.5013823 0.4874595 0.5922770 0.4395367 0.5650287 0.0000010 0.5016014 0.0000000 0.3981627 0.4043984 0.4040224 0.5738455 0.4187826 0.4668202 0.4393298 0.5353890 0.5420604 0.1310776 0.1269076 0.0000010 0.4959987 0.4948205 0.4613553 0.0000010 0.5916502 0.5449613 0.5102006 0.1087686 0.6104784 0.5060510 0.4527519 0.4554201 0.0000010 0.1248459 0.5011318 0.5522320 0.5102286 0.4758833 0.4281618 0.5730236 0.6437475 0.6964073 0.6547531 0.4876498 0.8809064 0.4025205 0.4257961 0.4649253 0.5211186 0.5865080 0.6234806 0.6213592 0.4747349 0.5125621 0.5363161 0.3597336 0.5026926 0.4945787 0.4693257 0.4693257 0.4412678 0.4529354 0.4416111 0.4416111 0.4555370 0.4167265 0.4574128 0.4545235 0.3807802 0.5753469 0.5592496 0.6009925 0.1149580 0.5171356 0.4763624 0.5369972 0.5311624 0.4401599 0.5077765 0.1165884 0.6423546 0.5522647 0.0046938 0.5359846 0.0000010 0.6332847 0.4750555 0.4410290 0.6386432 0.4666525 0.4963523 0.0841243 0.4503931 0.5857849 0.4063341 0.5715517 0.1161452 0.5740532 0.6922034 0.6253984 0.6156419 0.5658213 0.6528482 0.5685195 0.6417777 0.6737911 0.5503343 0.4759175 0.0028754 0.6873797 
